"stride=512
0.00049 1.342
0.00098 1.343
0.00195 1.339
0.00293 1.346
0.00391 1.345
0.00586 1.343
0.00781 1.476
0.01172 1.389
0.01562 1.347
0.02344 1.343
0.03125 1.344
0.04688 4.028
0.06250 4.026
0.09375 4.031
0.12500 4.069
0.18750 4.653
0.25000 7.801
0.37500 15.189
0.50000 15.189
0.75000 15.192
1.00000 15.195
1.50000 15.233
2.00000 15.175
3.00000 15.342
4.00000 15.842
6.00000 15.365
8.00000 15.234
12.00000 15.195
16.00000 15.197
24.00000 39.033
32.00000 58.349
48.00000 67.307
64.00000 67.350
96.00000 66.701
128.00000 66.620
192.00000 66.675
256.00000 67.346

"stride=512
0.00049 1.344
0.00098 1.343
0.00195 1.406
0.00293 1.344
0.00391 1.342
0.00586 1.339
0.00781 1.343
0.01172 1.344
0.01562 1.342
0.02344 1.344
0.03125 1.348
0.04688 4.491
0.06250 4.093
0.09375 4.065
0.12500 7.619
0.18750 7.125
0.25000 6.719
0.37500 14.977
0.50000 15.681
0.75000 15.690
1.00000 15.762
1.50000 15.654
2.00000 15.515
3.00000 15.421
4.00000 15.403
6.00000 15.349
8.00000 15.291
12.00000 15.284
16.00000 15.428
24.00000 39.273
32.00000 58.722
48.00000 66.736
64.00000 66.739
96.00000 66.669
128.00000 67.055
192.00000 66.814
256.00000 66.800

"stride=512
0.00049 1.344
0.00098 1.352
0.00195 1.353
0.00293 1.352
0.00391 1.348
0.00586 1.352
0.00781 1.367
0.01172 1.452
0.01562 1.396
0.02344 1.352
0.03125 1.352
0.04688 4.058
0.06250 4.063
0.09375 4.045
0.12500 4.057
0.18750 6.960
0.25000 8.362
0.37500 14.039
0.50000 15.662
0.75000 15.567
1.00000 15.510
1.50000 15.424
2.00000 15.410
3.00000 15.319
4.00000 15.427
6.00000 15.335
8.00000 15.363
12.00000 15.305
16.00000 15.291
24.00000 39.034
32.00000 58.509
48.00000 67.356
64.00000 66.721
96.00000 66.753
128.00000 66.697
192.00000 66.818
256.00000 66.745

"stride=512
0.00049 1.343
0.00098 1.345
0.00195 1.353
0.00293 1.342
0.00391 1.339
0.00586 1.345
0.00781 1.343
0.01172 1.343
0.01562 1.343
0.02344 1.343
0.03125 1.344
0.04688 4.206
0.06250 4.285
0.09375 4.029
0.12500 4.033
0.18750 10.819
0.25000 10.521
0.37500 13.954
0.50000 15.600
0.75000 15.602
1.00000 15.692
1.50000 15.581
2.00000 15.556
3.00000 15.425
4.00000 15.330
6.00000 15.311
8.00000 15.283
12.00000 15.254
16.00000 15.390
24.00000 39.139
32.00000 58.512
48.00000 66.823
64.00000 66.931
96.00000 66.772
128.00000 67.092
192.00000 66.894
256.00000 66.665

"stride=512
0.00049 1.343
0.00098 1.343
0.00195 1.343
0.00293 1.344
0.00391 1.343
0.00586 1.343
0.00781 1.340
0.01172 1.349
0.01562 1.343
0.02344 1.344
0.03125 1.343
0.04688 4.029
0.06250 4.017
0.09375 4.028
0.12500 4.028
0.18750 4.032
0.25000 11.577
0.37500 15.087
0.50000 15.592
0.75000 15.591
1.00000 15.512
1.50000 15.401
2.00000 15.307
3.00000 15.302
4.00000 15.337
6.00000 15.250
8.00000 15.253
12.00000 15.223
16.00000 15.219
24.00000 39.125
32.00000 58.521
48.00000 67.009
64.00000 66.775
96.00000 66.693
128.00000 66.782
192.00000 66.987
256.00000 66.701